一、对象mytxt和group：

mytxt <- "
date age gender
20201101 25 1
20210601 68 2
20200801 32 1
20221001 36 1
20200201 70 2
"

group <- c("old", "young")


二、向量x<-c(77,56,98,69,35,37,79,33,28,36,92,50)

用sink函数将结果显示在一个word文档中，相应的程序编码复制到word文档的末尾，
并正反面打印在一张A4纸上，在每页的页眉处标明“班级/学号/姓名”。